I need a fruit
0
assets/unseen_objects_40/037_mango.urdf 4.909576141331526422e-01 2.535346015286998878e-02 2.000000000000000111e-01 6.034392124788029221e+00 5.024486931747189189e+00 2.282460576114674566e+00
assets/unseen_objects_40/000_black_marker.urdf 6.091662893106895016e-01 9.424196004931661985e-02 2.000000000000000111e-01 5.471277486745917074e+00 2.990018764807725660e+00 3.888868443253969076e+00
assets/unseen_objects_40/008_repellent.urdf 4.237719018624219736e-01 8.916823440872742590e-02 2.000000000000000111e-01 1.233523387105602831e+00 5.509670554288641497e+00 9.440158134396708922e-01
assets/unseen_objects_40/001_bleach_cleanser.urdf 5.660038877205526564e-01 -1.068802549452723682e-01 2.000000000000000111e-01 4.381667918787187865e+00 2.345514403236303114e+00 1.774637646085652776e+00
assets/unseen_objects_40/002_blue_moon.urdf 5.806138065975539053e-01 -3.693039916845949899e-02 2.000000000000000111e-01 5.855362229980010547e+00 3.281398596871734075e+00 5.683552256416590787e+00
assets/unseen_objects_40/003_gelatin_box.urdf 4.885546065356073386e-01 7.133534889235265686e-04 2.000000000000000111e-01 2.182948976977064692e+00 5.156596554648134934e+00 4.312499588070377143e+00
assets/unseen_objects_40/004_magic_clean.urdf 4.873455900727039491e-01 3.760942127594421591e-02 2.000000000000000111e-01 5.032172750982149445e+00 1.779748163379502701e+00 8.581555215461649233e-01
assets/unseen_objects_40/005_pink_tea_box.urdf 5.194660937348087870e-01 7.086351636662649445e-02 2.000000000000000111e-01 6.234096177438662956e+00 3.145959101933131663e+00 3.816138766856998488e-01
assets/unseen_objects_40/015_yellow_bowl.urdf 5.764111737845852845e-01 9.905291959958620329e-02 2.000000000000000111e-01 5.211337705190707048e+00 4.340603056452650321e+00 4.800256551694142892e+00
assets/unseen_objects_40/007_remote_controller_1.urdf 4.817101899521639696e-01 1.171297991915279113e-01 2.000000000000000111e-01 5.543655653994524535e+00 5.160505149877307574e+00 4.090983004869469752e+00
assets/unseen_objects_40/009_shampoo.urdf 5.785878674689743928e-01 2.528912376430311748e-02 2.000000000000000111e-01 2.879055959459539071e+00 1.306079164147398330e+00 1.028153094021347691e+00
assets/unseen_objects_40/010_small_clamp.urdf 4.728244657714857357e-01 -3.193783173429870503e-02 2.000000000000000111e-01 1.926051052267673480e+00 2.135849323132993138e+00 4.419302615606135021e+00
assets/unseen_objects_40/012_suger_1.urdf 4.580088932599288842e-01 -1.081024466119442917e-01 2.000000000000000111e-01 1.260855816679459895e+00 9.504268866981715469e-01 5.585708484922586869e+00
assets/unseen_objects_40/013_suger_2.urdf 5.502693952208078665e-01 -6.051923476469148189e-02 2.000000000000000111e-01 9.815940399506228875e-01 3.379074484329223638e-01 1.740598550360198393e+00
assets/unseen_objects_40/025_red_backpack.urdf 4.179667446277125498e-01 -8.506855535586263506e-02 2.000000000000000111e-01 2.519634060121549890e+00 1.376323895976977241e+00 6.001749609165148769e+00
assets/unseen_objects_40/026_white_ball.urdf 5.424962367092110993e-01 -7.622206532510775179e-02 2.000000000000000111e-01 4.181474330117411320e+00 4.461607414075318800e+00 5.849574532687180195e+00
assets/unseen_objects_40/027_blue_ball.urdf 6.238854090225178783e-01 3.846781016029526823e-02 2.000000000000000111e-01 3.978718386779914962e+00 5.522607315096311531e+00 4.819864523216795149e+00
assets/unseen_objects_40/028_battery.urdf 5.763351930074959162e-01 -2.013838349898092184e-02 2.000000000000000111e-01 4.266028575386081378e+00 1.137382528396424952e+00 4.440191138670550597e-01
assets/unseen_objects_40/003_gelatin_box.urdf 4.885546065356073386e-01 7.133534889235265686e-04 2.000000000000000111e-01 2.182948976977064692e+00 5.156596554648134934e+00 4.312499588070377143e+00
assets/unseen_objects_40/004_magic_clean.urdf 4.873455900727039491e-01 3.760942127594421591e-02 2.000000000000000111e-01 5.032172750982149445e+00 1.779748163379502701e+00 8.581555215461649233e-01
assets/unseen_objects_40/005_pink_tea_box.urdf 5.194660937348087870e-01 7.086351636662649445e-02 2.000000000000000111e-01 6.234096177438662956e+00 3.145959101933131663e+00 3.816138766856998488e-01
assets/unseen_objects_40/006_red_marker.urdf 3.814225817067244950e-01 -4.478288164629562473e-02 2.000000000000000111e-01 5.659071166579159318e+00 3.752517091479392608e+00 2.174312699827453788e+00
assets/unseen_objects_40/007_remote_controller_1.urdf 4.817101899521639696e-01 1.171297991915279113e-01 2.000000000000000111e-01 5.543655653994524535e+00 5.160505149877307574e+00 4.090983004869469752e+00
assets/unseen_objects_40/008_repellent.urdf 4.237719018624219736e-01 8.916823440872742590e-02 2.000000000000000111e-01 1.233523387105602831e+00 5.509670554288641497e+00 9.440158134396708922e-01
assets/unseen_objects_40/005_pink_tea_box.urdf 5.194660937348087870e-01 7.086351636662649445e-02 2.000000000000000111e-01 6.234096177438662956e+00 3.145959101933131663e+00 3.816138766856998488e-01
assets/unseen_objects_40/006_red_marker.urdf 3.814225817067244950e-01 -4.478288164629562473e-02 2.000000000000000111e-01 5.659071166579159318e+00 3.752517091479392608e+00 2.174312699827453788e+00
assets/unseen_objects_40/007_remote_controller_1.urdf 4.817101899521639696e-01 1.171297991915279113e-01 2.000000000000000111e-01 5.543655653994524535e+00 5.160505149877307574e+00 4.090983004869469752e+00
assets/unseen_objects_40/008_repellent.urdf 4.237719018624219736e-01 8.916823440872742590e-02 2.000000000000000111e-01 1.233523387105602831e+00 5.509670554288641497e+00 9.440158134396708922e-01
assets/unseen_objects_40/003_gelatin_box.urdf 4.885546065356073386e-01 7.133534889235265686e-04 2.000000000000000111e-01 2.182948976977064692e+00 5.156596554648134934e+00 4.312499588070377143e+00
assets/unseen_objects_40/004_magic_clean.urdf 4.873455900727039491e-01 3.760942127594421591e-02 2.000000000000000111e-01 5.032172750982149445e+00 1.779748163379502701e+00 8.581555215461649233e-01
