grasp a ball
17
assets/unseen_objects_40/000_black_marker.urdf 4.855833045062807329e-01 6.063704125898145003e-02 2.000000000000000111e-01 1.849899632843863717e+00 1.736319885518362138e+00 2.261707089230661882e+00
assets/unseen_objects_40/001_bleach_cleanser.urdf 6.033786711004686110e-01 3.322475786036166445e-02 2.000000000000000111e-01 1.363674585489895064e+00 5.604774474600148437e+00 1.876124831747599808e+00
assets/unseen_objects_40/002_blue_moon.urdf 5.718499547873031608e-01 9.290022994812130452e-02 2.000000000000000111e-01 5.714322004281940925e-01 5.947051589573113972e+00 1.365444321415892448e+00
assets/unseen_objects_40/003_gelatin_box.urdf 5.569053309516804884e-01 7.129689094392688276e-02 2.000000000000000111e-01 4.271284859523614585e+00 3.016575946291710331e+00 5.703945074287631201e+00
assets/unseen_objects_40/004_magic_clean.urdf 4.633693771449622911e-01 -1.196791253721854464e-01 2.000000000000000111e-01 4.324920132585002186e+00 4.538909833410611938e+00 8.128807819584396022e-01
assets/unseen_objects_40/005_pink_tea_box.urdf 4.402507321842035193e-01 1.194002019853131202e-01 2.000000000000000111e-01 2.784302582668172765e-01 7.442808685794469747e-01 4.111841310866420685e+00
assets/unseen_objects_40/006_red_marker.urdf 5.476179288007950730e-01 -1.233813131365536775e-02 2.000000000000000111e-01 3.982538431233670906e+00 8.750669000814137455e-01 1.802702123020477609e+00
assets/unseen_objects_40/007_remote_controller_1.urdf 3.993930599141857218e-01 -9.721101569992293689e-02 2.000000000000000111e-01 4.182233201919687282e+00 2.358131005856708651e+00 4.822061442920800189e+00
assets/unseen_objects_40/008_repellent.urdf 5.404418120993269570e-01 -6.952131531026367606e-02 2.000000000000000111e-01 4.279051996272260183e+00 4.412079231282705294e+00 2.003240524123989452e+00
assets/unseen_objects_40/009_shampoo.urdf 4.346626642390213346e-01 3.268252201534457835e-02 2.000000000000000111e-01 1.170689284273480402e+00 2.755893762651721701e+00 6.789228849904030971e-01
assets/unseen_objects_40/010_small_clamp.urdf 5.507163546116725650e-01 5.942938317789495106e-02 2.000000000000000111e-01 5.872208876650356402e+00 5.929561074027970946e+00 1.558178623109835348e+00
assets/unseen_objects_40/011_soap_dish.urdf 3.992120947251924790e-01 -8.137387620473390815e-02 2.000000000000000111e-01 5.819395603499850189e+00 4.098164647308450981e+00 3.863068239996176434e+00
assets/unseen_objects_40/012_suger_1.urdf 5.634846938503741409e-01 6.696873547494022749e-02 2.000000000000000111e-01 8.706718614119178801e-01 1.495378544561146272e+00 4.277536615002096809e+00
assets/unseen_objects_40/013_suger_2.urdf 5.212928928171387533e-01 -9.883821633466863266e-02 2.000000000000000111e-01 5.923174161131029569e-01 4.717759184079469037e+00 4.922338698121496492e+00
assets/unseen_objects_40/014_two_color_hammer.urdf 4.041444824028258553e-01 1.082282663495411357e-01 2.000000000000000111e-01 4.294164046427868087e+00 5.737683339949953165e+00 3.912158696928297541e+00
assets/unseen_objects_40/016_yellow_cup.urdf 5.346989853671162418e-01 -5.982659986154714726e-03 2.000000000000000111e-01 3.112773142935684856e+00 1.714957557055904358e+00 5.766970639074603611e+00
assets/unseen_objects_40/016_yellow_cup.urdf  5.948854938439716022e-01 -7.045207070960235463e-03 2.000000000000000111e-01 1.778632158456747436e-01 1.888219024090217690e+00 4.822989404266665225e+00
assets/unseen_objects_40/019_tennis_ball.urdf 4.321645224530744622e-01 4.176413683270088772e-02 2.000000000000000111e-01 5.552665191575538728e+00 2.936197992140550550e+00 1.181062415545077071e+00
assets/unseen_objects_40/008_repellent.urdf 5.404418120993269570e-01 -6.952131531026367606e-02 2.000000000000000111e-01 4.279051996272260183e+00 4.412079231282705294e+00 2.003240524123989452e+00
assets/unseen_objects_40/009_shampoo.urdf 4.346626642390213346e-01 3.268252201534457835e-02 2.000000000000000111e-01 1.170689284273480402e+00 2.755893762651721701e+00 6.789228849904030971e-01
assets/unseen_objects_40/010_small_clamp.urdf 5.507163546116725650e-01 5.942938317789495106e-02 2.000000000000000111e-01 5.872208876650356402e+00 5.929561074027970946e+00 1.558178623109835348e+00
assets/unseen_objects_40/011_soap_dish.urdf 3.992120947251924790e-01 -8.137387620473390815e-02 2.000000000000000111e-01 5.819395603499850189e+00 4.098164647308450981e+00 3.863068239996176434e+00
assets/unseen_objects_40/008_repellent.urdf 5.404418120993269570e-01 -6.952131531026367606e-02 2.000000000000000111e-01 4.279051996272260183e+00 4.412079231282705294e+00 2.003240524123989452e+00
assets/unseen_objects_40/009_shampoo.urdf 4.346626642390213346e-01 3.268252201534457835e-02 2.000000000000000111e-01 1.170689284273480402e+00 2.755893762651721701e+00 6.789228849904030971e-01
assets/unseen_objects_40/010_small_clamp.urdf 5.507163546116725650e-01 5.942938317789495106e-02 2.000000000000000111e-01 5.872208876650356402e+00 5.929561074027970946e+00 1.558178623109835348e+00
assets/unseen_objects_40/011_soap_dish.urdf 3.992120947251924790e-01 -8.137387620473390815e-02 2.000000000000000111e-01 5.819395603499850189e+00 4.098164647308450981e+00 3.863068239996176434e+00
assets/unseen_objects_40/009_shampoo.urdf 4.346626642390213346e-01 3.268252201534457835e-02 2.000000000000000111e-01 1.170689284273480402e+00 2.755893762651721701e+00 6.789228849904030971e-01
assets/unseen_objects_40/010_small_clamp.urdf 5.507163546116725650e-01 5.942938317789495106e-02 2.000000000000000111e-01 5.872208876650356402e+00 5.929561074027970946e+00 1.558178623109835348e+00
assets/unseen_objects_40/011_soap_dish.urdf 3.992120947251924790e-01 -8.137387620473390815e-02 2.000000000000000111e-01 5.819395603499850189e+00 4.098164647308450981e+00 3.863068239996176434e+00
assets/unseen_objects_40/004_magic_clean.urdf 4.633693771449622911e-01 -1.196791253721854464e-01 2.000000000000000111e-01 4.324920132585002186e+00 4.538909833410611938e+00 8.128807819584396022e-01
