get something to hold other things
0
assets/unseen_objects_40/016_yellow_cup.urdf 5.764111737845852845e-01 9.905291959958620329e-02 2.000000000000000111e-01 5.211337705190707048e+00 4.340603056452650321e+00 4.800256551694142892e+00
assets/unseen_objects_40/008_repellent.urdf 4.237719018624219736e-01 8.916823440872742590e-02 2.000000000000000111e-01 1.233523387105602831e+00 5.509670554288641497e+00 9.440158134396708922e-01
assets/unseen_objects_40/002_blue_moon.urdf 5.764111737845852845e-01 9.905291959958620329e-02 2.000000000000000111e-01 5.211337705190707048e+00 4.340603056452650321e+00 4.800256551694142892e+00
assets/unseen_objects_40/003_gelatin_box.urdf 4.885546065356073386e-01 7.133534889235265686e-04 2.000000000000000111e-01 2.182948976977064692e+00 5.156596554648134934e+00 4.312499588070377143e+00
assets/unseen_objects_40/004_magic_clean.urdf 4.873455900727039491e-01 3.760942127594421591e-02 2.000000000000000111e-01 5.032172750982149445e+00 1.779748163379502701e+00 8.581555215461649233e-01
assets/unseen_objects_40/005_pink_tea_box.urdf 5.194660937348087870e-01 7.086351636662649445e-02 2.000000000000000111e-01 6.234096177438662956e+00 3.145959101933131663e+00 3.816138766856998488e-01
assets/unseen_objects_40/007_remote_controller_1.urdf 4.817101899521639696e-01 1.171297991915279113e-01 2.000000000000000111e-01 5.543655653994524535e+00 5.160505149877307574e+00 4.090983004869469752e+00
assets/unseen_objects_40/009_shampoo.urdf 5.785878674689743928e-01 2.528912376430311748e-02 2.000000000000000111e-01 2.879055959459539071e+00 1.306079164147398330e+00 1.028153094021347691e+00
assets/unseen_objects_40/010_small_clamp.urdf 4.728244657714857357e-01 -3.193783173429870503e-02 2.000000000000000111e-01 1.926051052267673480e+00 2.135849323132993138e+00 4.419302615606135021e+00
assets/unseen_objects_40/012_suger_1.urdf 4.580088932599288842e-01 -1.081024466119442917e-01 2.000000000000000111e-01 1.260855816679459895e+00 9.504268866981715469e-01 5.585708484922586869e+00
assets/unseen_objects_40/000_black_marker.urdf 6.091662893106895016e-01 9.424196004931661985e-02 2.000000000000000111e-01 5.471277486745917074e+00 2.990018764807725660e+00 3.888868443253969076e+00
assets/unseen_objects_40/013_suger_2.urdf 3.814225817067244950e-01 -4.478288164629562473e-02 2.000000000000000111e-01 5.659071166579159318e+00 3.752517091479392608e+00 2.174312699827453788e+00
assets/unseen_objects_40/025_red_backpack.urdf 4.179667446277125498e-01 -8.506855535586263506e-02 2.000000000000000111e-01 2.519634060121549890e+00 1.376323895976977241e+00 6.001749609165148769e+00
assets/unseen_objects_40/005_pink_tea_box.urdf 5.194660937348087870e-01 7.086351636662649445e-02 2.000000000000000111e-01 6.234096177438662956e+00 3.145959101933131663e+00 3.816138766856998488e-01
assets/unseen_objects_40/006_red_marker.urdf 3.814225817067244950e-01 -4.478288164629562473e-02 2.000000000000000111e-01 5.659071166579159318e+00 3.752517091479392608e+00 2.174312699827453788e+00
assets/unseen_objects_40/001_bleach_cleanser.urdf 4.885546065356073386e-01 7.133534889235265686e-04 2.000000000000000111e-01 2.182948976977064692e+00 5.156596554648134934e+00 4.312499588070377143e+00
assets/unseen_objects_40/007_remote_controller_1.urdf 4.817101899521639696e-01 1.171297991915279113e-01 2.000000000000000111e-01 5.543655653994524535e+00 5.160505149877307574e+00 4.090983004869469752e+00
assets/unseen_objects_40/008_repellent.urdf 4.237719018624219736e-01 8.916823440872742590e-02 2.000000000000000111e-01 1.233523387105602831e+00 5.509670554288641497e+00 9.440158134396708922e-01
assets/unseen_objects_40/003_gelatin_box.urdf 4.885546065356073386e-01 7.133534889235265686e-04 2.000000000000000111e-01 2.182948976977064692e+00 5.156596554648134934e+00 4.312499588070377143e+00
assets/unseen_objects_40/004_magic_clean.urdf 5.194660937348087870e-01 7.086351636662649445e-02 2.000000000000000111e-01 6.234096177438662956e+00 3.145959101933131663e+00 3.816138766856998488e-01
assets/unseen_objects_40/005_pink_tea_box.urdf 5.194660937348087870e-01 7.086351636662649445e-02 2.000000000000000111e-01 6.234096177438662956e+00 3.145959101933131663e+00 3.816138766856998488e-01
assets/unseen_objects_40/006_red_marker.urdf 3.814225817067244950e-01 -4.478288164629562473e-02 2.000000000000000111e-01 5.659071166579159318e+00 3.752517091479392608e+00 2.174312699827453788e+00
assets/unseen_objects_40/007_remote_controller_1.urdf 4.817101899521639696e-01 1.171297991915279113e-01 2.000000000000000111e-01 5.543655653994524535e+00 5.160505149877307574e+00 4.090983004869469752e+00
assets/unseen_objects_40/008_repellent.urdf 4.237719018624219736e-01 8.916823440872742590e-02 2.000000000000000111e-01 1.233523387105602831e+00 5.509670554288641497e+00 9.440158134396708922e-01
assets/unseen_objects_40/005_pink_tea_box.urdf 5.194660937348087870e-01 7.086351636662649445e-02 2.000000000000000111e-01 6.234096177438662956e+00 3.145959101933131663e+00 3.816138766856998488e-01
assets/unseen_objects_40/006_red_marker.urdf 3.814225817067244950e-01 -4.478288164629562473e-02 2.000000000000000111e-01 5.659071166579159318e+00 3.752517091479392608e+00 2.174312699827453788e+00
assets/unseen_objects_40/007_remote_controller_1.urdf 4.817101899521639696e-01 1.171297991915279113e-01 2.000000000000000111e-01 5.543655653994524535e+00 5.160505149877307574e+00 4.090983004869469752e+00
assets/unseen_objects_40/008_repellent.urdf 4.237719018624219736e-01 8.916823440872742590e-02 2.000000000000000111e-01 1.233523387105602831e+00 5.509670554288641497e+00 9.440158134396708922e-01
assets/unseen_objects_40/003_gelatin_box.urdf 4.885546065356073386e-01 7.133534889235265686e-04 2.000000000000000111e-01 2.182948976977064692e+00 5.156596554648134934e+00 4.312499588070377143e+00
assets/unseen_objects_40/004_magic_clean.urdf 4.873455900727039491e-01 3.760942127594421591e-02 2.000000000000000111e-01 5.032172750982149445e+00 1.779748163379502701e+00 8.581555215461649233e-01
